cache_size: 128
assoc: 4
Hit rate: 99.926982%

cache_size: 256
assoc: 4
Hit rate: 99.984771%
